# t (s)	mx ()	my ()	mz ()	E_total (J)
0	-4.3296813e-10	-9.469986e-10	0.9960304	1.0892509e-18
5.377044826655841e-14	-4.3678283e-10	-9.555816e-10	0.99603045	1.0892573e-18
1.0104539196237782e-13	-4.7302245e-10	-9.448529e-10	0.99603045	1.0893005e-18
1.5108479259874257e-13	-4.901886e-10	-9.756088e-10	0.9960304	1.089408e-18
2.0156211618086983e-13	-4.8828125e-10	-1.0151863e-09	0.9960304	1.0895888e-18
2.5020229059578725e-13	-4.901886e-10	-1.0414124e-09	0.9960304	1.0898495e-18
3.015180958983658e-13	-4.6157836e-10	-1.0528565e-09	0.9960304	1.0902805e-18
3.5244092084798225e-13	-4.6539306e-10	-1.0809899e-09	0.9960304	1.0909696e-18
4.0228844760423227e-13	-4.940033e-10	-1.0471344e-09	0.9960304	1.0918917e-18
4.512188436785955e-13	-5.083084e-10	-1.0535717e-09	0.9960304	1.0930606e-18
5.026927626919734e-13	-5.159378e-10	-1.0163784e-09	0.99603033	1.0946367e-18
5.504202026338414e-13	-5.607605e-10	-1.0089874e-09	0.9960304	1.0964805e-18
6.008395376257352e-13	-5.664825e-10	-9.708404e-10	0.99603033	1.0988921e-18
6.506351646347423e-13	-6.055832e-10	-9.469986e-10	0.99603033	1.1017093e-18
7.028516556630268e-13	-5.8746336e-10	-9.229183e-10	0.9960303	1.1050898e-18
7.513935434939413e-13	-5.970001e-10	-8.926392e-10	0.99603033	1.1085973e-18
8.024063332978087e-13	-5.607605e-10	-8.945465e-10	0.9960303	1.1126452e-18
8.525534937862222e-13	-5.149841e-10	-8.8882446e-10	0.9960302	1.1166672e-18
9.013562532420741e-13	-4.844666e-10	-8.819103e-10	0.9960302	1.1200354e-18
9.519959401250402e-13	-4.787445e-10	-8.792877e-10	0.9960302	1.1231082e-18
1.0011543959969414e-12	-4.2152404e-10	-8.926392e-10	0.99603	1.1252749e-18
1.0519238218768057e-12	-4.005432e-10	-9.088516e-10	0.99603	1.1269222e-18
1.1013884623568813e-12	-3.9863587e-10	-9.527207e-10	0.99603	1.1278658e-18
1.1522581798615022e-12	-4.1943787e-10	-9.560585e-10	0.99603015	1.1282861e-18
1.2000409134172606e-12	-4.425049e-10	-9.279251e-10	0.99603	1.1284549e-18
1.2522070628693946e-12	-4.6539306e-10	-9.231567e-10	0.99603	1.1283937e-18
1.3012404181777627e-12	-4.6539306e-10	-9.241104e-10	0.99603015	1.1281097e-18
1.3504470404481746e-12	-4.6157836e-10	-9.2029573e-10	0.99603	1.1278855e-18
1.4000273171123683e-12	-4.692078e-10	-9.288788e-10	0.99603	1.1277922e-18
1.4517053322697091e-12	-4.348755e-10	-9.422302e-10	0.99603	1.1275657e-18
1.5004951426086995e-12	-4.272461e-10	-9.155273e-10	0.99603	1.1272141e-18
1.5519557919396138e-12	-4.5871734e-10	-9.326935e-10	0.99603	1.1269223e-18
1.6018568734052447e-12	-4.348755e-10	-9.241104e-10	0.99603	1.1269535e-18
1.6520724226077293e-12	-4.5585632e-10	-9.021759e-10	0.99603	1.1271032e-18
1.7018411962257722e-12	-4.6348572e-10	-8.8214874e-10	0.99603	1.1270848e-18
1.7515089539419055e-12	-4.924834e-10	-8.6593627e-10	0.99603	1.127031e-18
1.801693098408779e-12	-4.9591065e-10	-8.4495544e-10	0.99603	1.1271731e-18
1.852339519719529e-12	-4.920959e-10	-8.277893e-10	0.99603015	1.1275035e-18
1.900586671286589e-12	-5.302429e-10	-8.020401e-10	0.99603	1.1278804e-18
1.9519923508692866e-12	-5.569458e-10	-7.762909e-10	0.99603	1.1285748e-18
2.0009125050149226e-12	-5.3977967e-10	-7.2574613e-10	0.99603	1.1292944e-18
2.0509399568612807e-12	-5.760193e-10	-6.752014e-10	0.99603	1.1293873e-18
2.1006163877038903e-12	-5.8555605e-10	-6.58989e-10	0.99603	1.1293406e-18
2.1505441310664346e-12	-5.741119e-10	-6.5422057e-10	0.99603	1.1293936e-18
2.2001991510900695e-12	-5.817413e-10	-6.556511e-10	0.9960299	1.1293406e-18
2.250390676610344e-12	-6.065369e-10	-6.8724154e-10	0.99603	1.1295072e-18
2.302051373752877e-12	-6.2561034e-10	-6.818771e-10	0.99603	1.1303793e-18
2.3516252203983674e-12	-6.504059e-10	-6.122589e-10	0.99602985	1.1315128e-18
2.4001142839355333e-12	-6.6560507e-10	-6.2036515e-10	0.99603	1.1320647e-18
2.450723019411114e-12	-6.828308e-10	-6.275177e-10	0.99603	1.1324366e-18
2.5015500978812036e-12	-6.713867e-10	-6.3705446e-10	0.99603	1.1329221e-18
2.5506050121516795e-12	-6.828308e-10	-6.065369e-10	0.99603	1.133814e-18
2.600190681268815e-12	-7.5912476e-10	-5.7125094e-10	0.99602985	1.1350594e-18
2.65145792590613e-12	-7.827282e-10	-5.8460237e-10	0.9960299	1.1358247e-18
2.7000128913736484e-12	-7.648468e-10	-5.6362154e-10	0.99602985	1.1364772e-18
2.7510426058580877e-12	-7.762909e-10	-5.912781e-10	0.99602985	1.1371313e-18
2.801720190942244e-12	-7.8487394e-10	-5.736351e-10	0.99602985	1.1375954e-18
2.8500667216643634e-12	-7.858276e-10	-6.098747e-10	0.9960299	1.1381564e-18
2.9002087052312856e-12	-7.7056883e-10	-5.9986116e-10	0.99602985	1.1383496e-18
2.9501047695086586e-12	-7.724762e-10	-6.160736e-10	0.99602985	1.1384208e-18
3.000540858417483e-12	-7.7819823e-10	-6.232262e-10	0.99602985	1.1387715e-18
3.0510554213678292e-12	-7.8964235e-10	-6.1249733e-10	0.99602985	1.1391678e-18
3.1015723056205915e-12	-7.658005e-10	-6.4659117e-10	0.99602985	1.139569e-18
3.150216392631554e-12	-7.7819823e-10	-6.799698e-10	0.99602985	1.140347e-18
3.2000411047935775e-12	-7.6675416e-10	-6.875992e-10	0.99602985	1.1419852e-18
3.2507179740486903e-12	-7.8392026e-10	-7.3051454e-10	0.99602985	1.1444216e-18
3.3015951484265684e-12	-7.8201295e-10	-7.419586e-10	0.9960298	1.147177e-18
3.3515552722625354e-12	-7.5149537e-10	-7.2288514e-10	0.99602973	1.1491625e-18
3.400580983859483e-12	-7.610321e-10	-6.9999695e-10	0.99602973	1.1504009e-18
3.451171762097359e-12	-7.419586e-10	-6.7043304e-10	0.9960297	1.1509598e-18
3.5018132758166856e-12	-7.4386597e-10	-6.608963e-10	0.9960297	1.1515602e-18
3.55248555579619e-12	-7.133484e-10	-6.3323974e-10	0.9960297	1.15219e-18
3.600081571460036e-12	-6.904602e-10	-5.8722494e-10	0.9960296	1.1524247e-18
3.652124374725745e-12	-7.324219e-10	-5.455017e-10	0.9960297	1.1523289e-18
3.701956573976052e-12	-7.49588e-10	-5.054474e-10	0.9960296	1.1524046e-18
3.750156176226027e-12	-7.8201295e-10	-4.820824e-10	0.9960297	1.1530675e-18
3.801771544572041e-12	-8.277893e-10	-4.386902e-10	0.9960297	1.1544746e-18
3.850883639366641e-12	-9.002686e-10	-4.053116e-10	0.9960296	1.1559103e-18
3.9020606987966764e-12	-9.460449e-10	-3.8647652e-10	0.9960296	1.1570083e-18
3.952405284476839e-12	-9.670258e-10	-4.272461e-10	0.9960296	1.1574598e-18
4.002211529642281e-12	-9.851455e-10	-4.5394896e-10	0.9960297	1.1575314e-18
4.051978107402782e-12	-9.860992e-10	-4.1484832e-10	0.9960296	1.1575781e-18
4.102160857708226e-12	-1.0128022e-09	-4.4822693e-10	0.9960296	1.1579172e-18
4.150213168938189e-12	-1.0128022e-09	-5.121231e-10	0.9960297	1.1585275e-18
4.200436374800174e-12	-1.0280609e-09	-5.350113e-10	0.9960296	1.1589079e-18
4.250156936282962e-12	-1.0509491e-09	-5.5122373e-10	0.9960296	1.1589296e-18
4.300294643030695e-12	-1.0585784e-09	-5.8746336e-10	0.9960296	1.1592504e-18
4.350822908849239e-12	-1.0690689e-09	-6.456375e-10	0.9960296	1.1598678e-18
4.401573052418778e-12	-1.0356903e-09	-6.3323974e-10	0.99602956	1.1606736e-18
4.450036406846974e-12	-1.0414124e-09	-6.26564e-10	0.9960296	1.1616651e-18
4.501652764004285e-12	-1.0185242e-09	-6.6184996e-10	0.99602956	1.1632924e-18
4.5511746996353484e-12	-1.0414124e-09	-6.5612793e-10	0.99602956	1.1653848e-18
4.600184879262687e-12	-1.1310577e-09	-6.351471e-10	0.9960295	1.1669857e-18
4.6513918364453406e-12	-1.209259e-09	-6.0081484e-10	0.99602944	1.1683205e-18
4.7021156374788714e-12	-1.2931823e-09	-5.302429e-10	0.9960294	1.1692113e-18
4.75046307828216e-12	-1.4333725e-09	-4.4441223e-10	0.9960293	1.1702216e-18
4.800980254078567e-12	-1.4781952e-09	-4.310608e-10	0.9960293	1.1709497e-18
4.851014022009117e-12	-1.4381408e-09	-4.2057038e-10	0.9960293	1.1712554e-18
4.90082827732772e-12	-1.4171601e-09	-4.0292739e-10	0.9960293	1.1713799e-18
4.9507975789354835e-12	-1.4152527e-09	-4.668236e-10	0.9960293	1.1716364e-18
5.001361370961472e-12	-1.4209748e-09	-5.149841e-10	0.9960294	1.1724243e-18
5.051717532200786e-12	-1.4648438e-09	-5.631447e-10	0.9960293	1.1730292e-18
5.101188187402045e-12	-1.4419556e-09	-6.1035155e-10	0.9960293	1.1728837e-18
5.152247591146948e-12	-1.3036728e-09	-6.141663e-10	0.9960294	1.1720871e-18
5.200427728339536e-12	-1.2065768e-09	-6.2561034e-10	0.9960294	1.1710483e-18
5.251188269596451e-12	-1.0795593e-09	-6.501675e-10	0.9960294	1.1700788e-18
5.302022221562547e-12	-9.555816e-10	-6.3037875e-10	0.99602944	1.1691666e-18
5.350531647374844e-12	-8.6593627e-10	-6.2942507e-10	0.9960294	1.1683695e-18
5.401545524575807e-12	-7.9059603e-10	-6.0939787e-10	0.9960294	1.16759e-18
5.450037000850601e-12	-7.4768064e-10	-6.160736e-10	0.99602944	1.1667992e-18
5.500890758221167e-12	-6.942749e-10	-6.0749056e-10	0.99602944	1.1659398e-18
5.552309132140955e-12	-6.942749e-10	-5.7315824e-10	0.99602944	1.1654483e-18
5.602484146770834e-12	-6.752014e-10	-5.531311e-10	0.9960294	1.165874e-18
5.650267174048071e-12	-6.828308e-10	-5.569458e-10	0.9960295	1.1663713e-18
5.7000602602218735e-12	-6.427765e-10	-5.722046e-10	0.9960295	1.1664883e-18
5.7521662576968546e-12	-6.4086914e-10	-5.207062e-10	0.9960294	1.1664794e-18
5.80187666282922e-12	-6.5422057e-10	-5.149841e-10	0.99602944	1.1665361e-18
5.8520350871009275e-12	-6.5612793e-10	-5.130768e-10	0.9960294	1.166952e-18
5.900119710480678e-12	-6.6184996e-10	-5.7029725e-10	0.99602944	1.1677238e-18
5.950154560722823e-12	-7.324219e-10	-5.903244e-10	0.9960294	1.1680451e-18
6.000085687742339e-12	-7.9154966e-10	-6.0844424e-10	0.9960294	1.1682829e-18
6.050501059544106e-12	-9.365082e-10	-6.3443184e-10	0.9960294	1.1689365e-18
6.1017992863379e-12	-1.0271073e-09	-6.0367583e-10	0.9960294	1.1704487e-18
6.1509126321685584e-12	-1.1177063e-09	-6.3228606e-10	0.9960293	1.1723277e-18
6.202067557370994e-12	-1.1310577e-09	-6.4468386e-10	0.9960293	1.173756e-18
6.250474416794291e-12	-1.1291504e-09	-6.5398215e-10	0.9960293	1.174932e-18
6.301583604373861e-12	-1.1672974e-09	-6.189346e-10	0.9960293	1.1763547e-18
6.350100727448661e-12	-1.2226105e-09	-6.23703e-10	0.9960293	1.1776905e-18
6.4012969104552e-12	-1.329422e-09	-7.038116e-10	0.9960292	1.179263e-18
6.450191483084445e-12	-1.4133453e-09	-7.9727175e-10	0.99602926	1.1810898e-18
6.5013684044398686e-12	-1.4305115e-09	-9.51767e-10	0.99602914	1.1827051e-18
6.551746257999996e-12	-1.4390945e-09	-1.0967255e-09	0.99602914	1.18346e-18
6.6015322143332355e-12	-1.4324189e-09	-1.1768341e-09	0.9960292	1.1836286e-18
6.650588063850667e-12	-1.3694763e-09	-1.2378693e-09	0.99602914	1.1831548e-18
6.701260998594981e-12	-1.2683868e-09	-1.2683868e-09	0.99602926	1.1820157e-18
6.751537170371056e-12	-1.1940002e-09	-1.2607575e-09	0.9960292	1.180621e-18
6.801111275805878e-12	-1.1348724e-09	-1.2216568e-09	0.9960292	1.178826e-18
6.850133686542255e-12	-1.0881424e-09	-1.0926724e-09	0.99602926	1.1767795e-18
6.900877014053734e-12	-1.0242462e-09	-9.198189e-10	0.99602926	1.1744069e-18
6.9508960155552376e-12	-1.0471344e-09	-6.9332123e-10	0.9960293	1.1718178e-18
7.0002528471030025e-12	-9.915233e-10	-4.6634674e-10	0.9960293	1.1690919e-18
7.0513209756595344e-12	-9.651184e-10	-1.3256073e-10	0.9960294	1.1661919e-18
7.102131715745075e-12	-8.840561e-10	1.7261505e-10	0.9960294	1.1633349e-18
7.150809525266388e-12	-8.2969664e-10	4.8732757e-10	0.9960294	1.1607212e-18
7.202244787821729e-12	-7.8201295e-10	6.685257e-10	0.9960294	1.1582154e-18
7.252147990456755e-12	-6.980896e-10	8.325577e-10	0.99602956	1.1560873e-18
7.300334422303968e-12	-5.8460237e-10	9.1266633e-10	0.9960295	1.154279e-18
7.351876459175189e-12	-4.8065185e-10	9.756088e-10	0.99602956	1.152797e-18
7.402134984729939e-12	-4.0626527e-10	9.787082e-10	0.9960296	1.1518412e-18
7.451167970102311e-12	-3.5858155e-10	9.613037e-10	0.9960296	1.1515214e-18
7.50112618580763e-12	-2.6321412e-10	9.431839e-10	0.9960297	1.1517538e-18
7.551846074183776e-12	-2.2697448e-10	9.515285e-10	0.9960296	1.1525195e-18
7.600873337376238e-12	-2.155304e-10	9.536744e-10	0.9960296	1.1539418e-18
7.650013020457883e-12	-2.2506715e-10	9.212494e-10	0.9960296	1.1554985e-18
7.701217687804771e-12	-1.964569e-10	9.045601e-10	0.99602956	1.1567073e-18
7.752191027402628e-12	-2.2888183e-10	9.012222e-10	0.9960296	1.1577416e-18
7.800420282365235e-12	-2.8991698e-10	8.8477137e-10	0.9960296	1.1585755e-18
7.851106910383141e-12	-3.4332276e-10	8.621216e-10	0.99602956	1.1593982e-18
7.90182658963849e-12	-4.425049e-10	8.1253054e-10	0.9960296	1.1602603e-18
7.952250566184412e-12	-4.8828125e-10	8.0013274e-10	0.99602956	1.1608923e-18
8.002086979524827e-12	-4.386902e-10	8.0680845e-10	0.99602956	1.1610777e-18
8.051555442592768e-12	-3.8909911e-10	9.1600416e-10	0.9960296	1.1610029e-18
8.100779934199825e-12	-2.861023e-10	9.860992e-10	0.99602956	1.1607671e-18
8.152187353210679e-12	-1.3935567e-10	1.0566712e-09	0.99602956	1.1603421e-18
8.200871028408224e-12	1.3351441e-11	1.0900497e-09	0.99602956	1.1597758e-18
8.251913005925899e-12	1.3923646e-10	1.1587143e-09	0.99602956	1.1591412e-18
8.30078228606611e-12	2.784729e-10	1.200676e-09	0.99602956	1.1586938e-18
8.35006336100543e-12	3.604889e-10	1.329422e-09	0.9960295	1.158505e-18
8.401951276370455e-12	3.929138e-10	1.4400482e-09	0.99602956	1.1583998e-18
8.451252893086016e-12	4.272461e-10	1.5811921e-09	0.99602956	1.1582265e-18
8.500404239444295e-12	4.3296813e-10	1.6446113e-09	0.99602956	1.1579588e-18
8.55154118266671e-12	5.2642823e-10	1.6860962e-09	0.99602956	1.1574006e-18
8.602082635796457e-12	6.2942507e-10	1.6384125e-09	0.9960296	1.1565271e-18
8.652385945275162e-12	6.8473816e-10	1.6059876e-09	0.9960296	1.1555485e-18
8.700427827900892e-12	6.799698e-10	1.5897751e-09	0.9960296	1.1546945e-18
8.751369320503813e-12	6.2179567e-10	1.531601e-09	0.9960297	1.1540598e-18
8.800434265792004e-12	5.235672e-10	1.4686584e-09	0.9960297	1.1537612e-18
8.852141386797106e-12	4.6539306e-10	1.4171601e-09	0.9960296	1.1535595e-18
8.901569011987004e-12	3.8337708e-10	1.4247894e-09	0.9960296	1.1534783e-18
8.951340893052268e-12	3.0994415e-10	1.3782978e-09	0.9960297	1.1536149e-18
9.001283728999617e-12	2.6702882e-10	1.379013e-09	0.9960297	1.1538657e-18
9.051526473504818e-12	2.309382e-10	1.3866425e-09	0.9960296	1.1543262e-18
9.102423382015789e-12	1.6975403e-10	1.3713837e-09	0.9960296	1.1552912e-18
9.151843462104127e-12	1.4305115e-10	1.3079643e-09	0.9960297	1.1571915e-18
9.20163942813107e-12	1.411438e-10	1.3074875e-09	0.9960296	1.1595314e-18
9.250920487168754e-12	9.346008e-11	1.3186932e-09	0.99602956	1.1613995e-18
9.302518456684326e-12	0	1.2578965e-09	0.99602956	1.1631363e-18
9.351604026268559e-12	-4.196167e-11	1.2128353e-09	0.99602956	1.1648963e-18
9.400866751933031e-12	-1.8692016e-10	1.1768341e-09	0.99602956	1.1668926e-18
9.450484826453728e-12	-2.5939942e-10	1.105547e-09	0.99602944	1.1693587e-18
9.502540345992588e-12	-3.528595e-10	1.0020733e-09	0.9960294	1.1718294e-18
9.551136067299719e-12	-4.692078e-10	8.840561e-10	0.9960294	1.173266e-18
9.601371165094824e-12	-5.168915e-10	7.11441e-10	0.9960294	1.1738781e-18
9.651018070226603e-12	-4.97818e-10	5.7029725e-10	0.9960293	1.1739705e-18
9.700171828627739e-12	-4.692078e-10	4.7969817e-10	0.9960294	1.1736679e-18
9.751099665182215e-12	-5.016327e-10	3.929138e-10	0.99602944	1.1728574e-18
9.801567303646003e-12	-5.3405763e-10	2.565384e-10	0.9960293	1.1717576e-18
9.851888955682841e-12	-4.844666e-10	5.7220458e-11	0.9960294	1.1705836e-18
9.902233949561565e-12	-4.310608e-10	-8.6784364e-11	0.9960294	1.1694405e-18
9.95206746078656e-12	-3.4332276e-10	-1.7738343e-10	0.99602944	1.1680338e-18
1.0001440594780961e-11	-2.6321412e-10	-3.1661987e-10	0.99602944	1.1664231e-18
1.005088768124841e-11	-1.04904176e-10	-4.119873e-10	0.9960295	1.1648809e-18
1.0101037636280158e-11	2.0980835e-11	-4.5490264e-10	0.99602956	1.16372e-18
1.0150045966999756e-11	1.1062622e-10	-5.3977967e-10	0.99602956	1.1633706e-18
1.020063269874294e-11	2.6130675e-10	-5.7697297e-10	0.99602956	1.1642271e-18
1.0252071198670598e-11	3.7765502e-10	-6.437302e-10	0.99602956	1.1658901e-18
1.0300470536015338e-11	4.787445e-10	-6.6184996e-10	0.9960295	1.1670398e-18
1.0351086303738025e-11	5.9318545e-10	-6.3705446e-10	0.99602944	1.1679527e-18
1.0401904486799228e-11	6.961823e-10	-6.192923e-10	0.99602944	1.1690707e-18
1.045040988218401e-11	8.0394746e-10	-5.8841704e-10	0.9960294	1.170375e-18
1.0501312532701674e-11	8.7451935e-10	-5.4740906e-10	0.9960294	1.1716138e-18
1.0551962652089203e-11	9.746551e-10	-4.348755e-10	0.9960294	1.1726188e-18
1.0602397510677824e-11	1.0318756e-09	-2.9945374e-10	0.9960293	1.1734283e-18
1.0652467118442876e-11	1.0795593e-09	-1.6069412e-10	0.9960293	1.1739077e-18
1.0701979424973838e-11	1.1520386e-09	-2.6702881e-11	0.9960293	1.1739053e-18
1.0751280019787108e-11	1.1997223e-09	1.2397766e-10	0.99602926	1.1737317e-18
1.080067044276542e-11	1.2588501e-09	2.5558472e-10	0.99602926	1.1736313e-18
1.0850025954345797e-11	1.2741089e-09	3.657341e-10	0.99602926	1.1735043e-18
1.0901236036179732e-11	1.2702942e-09	4.7516824e-10	0.99602926	1.1729109e-18
1.0951928214762237e-11	1.2588501e-09	5.3977967e-10	0.9960293	1.1719681e-18
1.1000080967373112e-11	1.2655258e-09	6.1178207e-10	0.99602926	1.1710011e-18
1.1050856032965664e-11	1.2025834e-09	7.2526934e-10	0.9960293	1.1701339e-18
1.1102056856633664e-11	1.1119843e-09	7.953644e-10	0.9960294	1.1695576e-18
1.1151049638070455e-11	9.880066e-10	7.8964235e-10	0.9960294	1.1691738e-18
1.120045008003861e-11	9.498596e-10	8.1682205e-10	0.9960294	1.1690931e-18
1.125038720406156e-11	8.869171e-10	8.983612e-10	0.9960294	1.1694419e-18
1.1300189507700544e-11	8.1253054e-10	9.48906e-10	0.9960293	1.1696799e-18
1.1350003715816468e-11	7.419586e-10	1.0251999e-09	0.9960294	1.1699295e-18
1.1402052694054232e-11	5.7029725e-10	1.0948181e-09	0.9960294	1.1699885e-18
1.1450922810486816e-11	5.722046e-10	1.0757446e-09	0.9960294	1.1695202e-18
1.1501675284753481e-11	5.159378e-10	1.0457039e-09	0.9960294	1.1686603e-18
1.1552075742923464e-11	5.130768e-10	9.775162e-10	0.9960294	1.1675974e-18
1.160236976972489e-11	4.901886e-10	9.2601776e-10	0.99602944	1.1664873e-18
1.1650223267982686e-11	5.1116944e-10	8.096695e-10	0.99602956	1.1654193e-18
1.1700374477206307e-11	5.226135e-10	7.6007844e-10	0.99602956	1.1642632e-18
1.1750424246012444e-11	5.621016e-10	7.2193146e-10	0.9960296	1.1630723e-18
1.1800465830876952e-11	6.0844424e-10	6.7067146e-10	0.99602956	1.1618966e-18
1.1850420067683028e-11	6.6661837e-10	6.937981e-10	0.99602956	1.1606967e-18
1.1900130002515133e-11	7.1525574e-10	7.87735e-10	0.9960296	1.1594023e-18
1.1951937244557861e-11	7.7056883e-10	8.6021423e-10	0.99602956	1.1579535e-18
1.2001281892511942e-11	7.953644e-10	9.098053e-10	0.9960296	1.1565526e-18
1.2050784633579336e-11	7.734299e-10	9.975434e-10	0.99602956	1.1552461e-18
1.2100789693833642e-11	6.566346e-10	1.0271073e-09	0.9960296	1.1541824e-18
1.2151568456949348e-11	5.3977967e-10	9.822846e-10	0.9960296	1.1535052e-18
1.2200665273648659e-11	4.2915344e-10	9.021759e-10	0.9960297	1.1532674e-18
1.2250289805423766e-11	4.1148066e-10	8.0680845e-10	0.9960297	1.1533505e-18
1.2300101311948841e-11	2.784729e-10	7.419586e-10	0.9960297	1.1535563e-18
1.2352334208138806e-11	2.7656555e-10	6.3705446e-10	0.9960297	1.1537275e-18
1.2401915522871405e-11	2.4032593e-10	5.817413e-10	0.9960297	1.1537848e-18
1.2451318912107103e-11	2.346039e-10	5.557537e-10	0.99602973	1.1537307e-18
1.2500547396115405e-11	1.6975403e-10	5.893707e-10	0.99602973	1.1535706e-18
1.2552143247058497e-11	7.492304e-11	5.7983396e-10	0.99602973	1.1533474e-18
1.2601302000642255e-11	1.9073486e-11	5.82695e-10	0.99602973	1.1531485e-18
1.2650667525469116e-11	-5.3405762e-11	6.2274935e-10	0.99602973	1.1530742e-18
1.2700408410414283e-11	-1.2969971e-10	6.1798094e-10	0.99602973	1.1532373e-18
1.2750711070456055e-11	-2.4604796e-10	6.1035155e-10	0.99602973	1.1537892e-18
1.2801699995754674e-11	-3.3950806e-10	5.7888033e-10	0.99602973	1.1548784e-18
1.2850748664979144e-11	-4.4059753e-10	4.987717e-10	0.9960297	1.1564678e-18
1.2900101489793681e-11	-5.073547e-10	4.1389464e-10	0.9960297	1.1583929e-18
1.2951852608177946e-11	-5.7792665e-10	2.6988983e-10	0.9960296	1.1602779e-18
1.3000837617101341e-11	-6.5231326e-10	2.1600723e-10	0.9960296	1.1619361e-18
1.3052166125476584e-11	-6.9999695e-10	8.773804e-11	0.99602956	1.1634924e-18
1.3100119786034606e-11	-7.5912476e-10	-9.36985e-11	0.99602956	1.1642504e-18
1.315229390047913e-11	-7.953644e-10	-1.6307831e-10	0.9960295	1.1644202e-18
1.320149472855539e-11	-9.288788e-10	-2.2888183e-10	0.99602956	1.164224e-18
1.325050201326072e-11	-1.0623932e-09	-3.1375885e-10	0.9960295	1.1638969e-18
1.3301887165777907e-11	-1.2130738e-09	-4.5585632e-10	0.9960295	1.1635064e-18
1.3350720982197838e-11	-1.2779235e-09	-5.426407e-10	0.9960295	1.1630702e-18
1.3401862365488417e-11	-1.3866425e-09	-4.7969817e-10	0.99602944	1.1625303e-18
1.3450513984628712e-11	-1.5544891e-09	-4.3392182e-10	0.99602944	1.1619875e-18
1.3501451520642371e-11	-1.7267168e-09	-3.6811829e-10	0.9960294	1.1613352e-18
1.3551668600758366e-11	-1.8386841e-09	-2.5463104e-10	0.9960294	1.1602928e-18
1.3601245089731787e-11	-1.865387e-09	-8.8691714e-11	0.9960294	1.1589589e-18
1.3650290138740444e-11	-1.8424988e-09	1.4519691e-10	0.9960295	1.1574265e-18
1.3701208198348042e-11	-1.8081665e-09	4.467964e-10	0.99602944	1.1556865e-18
1.3751727901163316e-11	-1.8539429e-09	7.7533724e-10	0.9960295	1.153857e-18
1.3801934631711777e-11	-1.8025339e-09	1.0328293e-09	0.9960295	1.1519838e-18
1.3851813441864368e-11	-1.6651154e-09	1.379013e-09	0.9960295	1.1500752e-18
1.3901392617552664e-11	-1.543045e-09	1.789093e-09	0.99602956	1.148149e-18
1.3950717172511895e-11	-1.4610291e-09	2.286911e-09	0.99602956	1.1462255e-18
1.400212374852985e-11	-1.373291e-09	2.9489995e-09	0.9960296	1.14425e-18
1.4051281351859785e-11	-1.405716e-09	3.6563874e-09	0.9960296	1.1424223e-18
1.410047566640369e-11	-1.6050339e-09	4.3268202e-09	0.9960296	1.1406659e-18
1.4151646137503268e-11	-1.8577576e-09	5.0740243e-09	0.99602973	1.1388417e-18
1.4200417535872712e-11	-2.1820068e-09	5.772591e-09	0.9960297	1.1371316e-18
1.4251358256439006e-11	-2.6493072e-09	6.543398e-09	0.99602973	1.1353989e-18
1.4300174581006945e-11	-3.1394958e-09	7.221222e-09	0.9960298	1.133812e-18
1.435148527969549e-11	-3.6563874e-09	7.801056e-09	0.99602973	1.1322591e-18
1.4401062582390759e-11	-4.0798187e-09	8.318662e-09	0.99602973	1.1309033e-18
1.4451467197694481e-11	-4.497528e-09	8.721352e-09	0.99602973	1.1297427e-18
1.4500663578814152e-11	-4.7588347e-09	8.8939665e-09	0.99602985	1.1288974e-18
1.455112847565485e-11	-4.8532485e-09	9.021759e-09	0.99602985	1.128403e-18
1.4600395197844763e-11	-4.9037934e-09	9.073258e-09	0.9960298	1.1283362e-18
1.465078877945575e-11	-4.8542024e-09	9.000778e-09	0.99602985	1.1287284e-18
1.4702049973909294e-11	-4.7950746e-09	8.940697e-09	0.99602985	1.1295494e-18
1.4751379970523867e-11	-4.652023e-09	8.848191e-09	0.9960298	1.1307064e-18
1.4801388766662373e-11	-4.4822692e-09	8.769035e-09	0.9960298	1.1323448e-18
1.4852213549876665e-11	-4.356384e-09	8.718491e-09	0.99602985	1.1346869e-18
1.4901197977728613e-11	-4.2285917e-09	8.533478e-09	0.9960298	1.1378115e-18
1.4950171228216025e-11	-4.0626524e-09	8.432627e-09	0.9960298	1.1411387e-18
1.5001607944784997e-11	-3.917694e-09	8.348465e-09	0.99602973	1.1446063e-18
1.505016127944407e-11	-3.757477e-09	8.245468e-09	0.9960297	1.147901e-18
1.5101108765563804e-11	-3.6392211e-09	8.202076e-09	0.9960297	1.1512314e-18
1.5151588979366604e-11	-3.5076142e-09	8.140564e-09	0.9960297	1.1542015e-18
1.5201615995678258e-11	-3.4294128e-09	8.106708e-09	0.9960296	1.1567957e-18
1.5250968576554056e-11	-3.3130645e-09	7.97987e-09	0.9960296	1.1587706e-18
1.5302046218783514e-11	-3.1173528e-09	7.874489e-09	0.99602956	1.1600586e-18
1.535249997999879e-11	-2.9716491e-09	7.853031e-09	0.9960296	1.1608235e-18
1.54000939390331e-11	-2.872467e-09	7.726669e-09	0.99602956	1.1612852e-18
1.5452469444987096e-11	-2.723694e-09	7.580757e-09	0.99602956	1.1616223e-18
1.550212923966308e-11	-2.5548934e-09	7.447243e-09	0.99602956	1.1617802e-18
1.555132732312424e-11	-2.4204254e-09	7.3356627e-09	0.99602956	1.1616126e-18
1.560021815134822e-11	-2.2945403e-09	7.2650908e-09	0.99602956	1.1612439e-18
1.5651435100567908e-11	-2.1324158e-09	7.139206e-09	0.99602956	1.1607852e-18
1.570024734601221e-11	-1.958847e-09	7.0722104e-09	0.99602956	1.1603729e-18
1.5751711807968354e-11	-1.7204285e-09	6.9789885e-09	0.99602956	1.1600759e-18
1.5801077278558462e-11	-1.4839172e-09	6.979704e-09	0.99602956	1.1600279e-18
1.585091070796462e-11	-1.2817383e-09	6.9847106e-09	0.99602956	1.1603137e-18
1.5901046250854845e-11	-1.0414124e-09	7.018089e-09	0.99602956	1.160831e-18
1.5951079401711757e-11	-8.201599e-10	7.0695876e-09	0.99602956	1.1612734e-18
1.600102625001329e-11	-5.5503846e-10	7.2045325e-09	0.9960295	1.1616518e-18
1.605091361851783e-11	-3.6239625e-10	7.440567e-09	0.99602956	1.1619857e-18
1.610084342619915e-11	-2.9182434e-10	7.67231e-09	0.9960296	1.1623561e-18
1.6150930449998723e-11	-1.7929078e-10	7.764339e-09	0.9960295	1.1628532e-18
1.6201319221358254e-11	-3.6239622e-11	7.958413e-09	0.9960295	1.1636058e-18
1.625190543314104e-11	1.9073486e-11	8.176803e-09	0.99602944	1.1645385e-18
1.6302134444068725e-11	1.1444092e-11	8.36277e-09	0.99602944	1.1651725e-18
1.6351938193716692e-11	1.5974045e-11	8.533001e-09	0.99602944	1.1654621e-18
1.640143642726428e-11	-7.7456236e-11	8.63266e-09	0.9960294	1.1655159e-18
1.645072423170165e-11	-1.411438e-10	8.6231235e-09	0.9960294	1.1654148e-18
1.6502332432733414e-11	-1.2111664e-10	8.510828e-09	0.9960294	1.1652053e-18
1.6551427814694735e-11	1.9073486e-12	8.457183e-09	0.9960294	1.1649685e-18
1.6600540750620004e-11	1.3923646e-10	8.461952e-09	0.9960294	1.1647442e-18
1.6652199213808086e-11	3.0040742e-10	8.517742e-09	0.9960294	1.164574e-18
1.6701595488591206e-11	4.1389464e-10	8.533955e-09	0.99602944	1.1645548e-18
1.6751351093599016e-11	5.741119e-10	8.580208e-09	0.9960294	1.164808e-18
1.6801457586268227e-11	7.2288514e-10	8.669853e-09	0.99602944	1.1653466e-18
1.6852140894396814e-11	9.098053e-10	8.758545e-09	0.99602944	1.1664016e-18
1.6901108693733032e-11	1.0223389e-09	8.917093e-09	0.99602944	1.168253e-18
1.695091736943225e-11	1.1405945e-09	9.050369e-09	0.9960294	1.1711586e-18
1.700104012984823e-11	1.2264252e-09	9.273529e-09	0.9960293	1.1746038e-18
1.705090670305405e-11	1.2016297e-09	9.453774e-09	0.9960293	1.1778275e-18
1.7100237696895813e-11	1.1444092e-09	9.63831e-09	0.99602926	1.180422e-18
1.7151835085641356e-11	9.651184e-10	9.832382e-09	0.9960292	1.1827923e-18
1.720052586743516e-11	7.6198575e-10	9.916067e-09	0.9960292	1.1846784e-18
1.725159647159721e-11	4.997253e-10	1.000309e-08	0.99602914	1.1864731e-18
1.7300171422637497e-11	2.746582e-10	1.0035515e-08	0.99602914	1.188285e-18
1.7351397085681583e-11	1.3351441e-11	1.01089475e-08	0.996029	1.1903542e-18
1.740223823023382e-11	-2.5749206e-10	1.00660325e-08	0.996029	1.191963e-18
1.745240545880251e-11	-4.768372e-10	1.01509094e-08	0.996029	1.1927788e-18
1.7502083859850422e-11	-7.3814393e-10	1.0183811e-08	0.996029	1.1930566e-18
1.755163568180715e-11	-1.0585784e-09	1.0211944e-08	0.996029	1.1932019e-18
1.7601365260071467e-11	-1.3713837e-09	1.0040283e-08	0.99602896	1.193537e-18
1.7651105990734027e-11	-1.5392303e-09	9.860277e-09	0.9960289	1.1938898e-18
1.7700055183316624e-11	-1.7757416e-09	9.654999e-09	0.9960289	1.1934445e-18
1.775069189899254e-11	-1.8806459e-09	9.3870165e-09	0.996029	1.1923137e-18
1.7800692915324266e-11	-1.9435882e-09	9.140015e-09	0.996029	1.1907107e-18
1.7850180732481547e-11	-1.9712447e-09	8.867263e-09	0.996029	1.1887882e-18
1.7901601024087297e-11	-1.991272e-09	8.609295e-09	0.99602914	1.1865577e-18
1.7950365208551572e-11	-1.9817352e-09	8.387565e-09	0.99602914	1.184301e-18
1.8001224407041525e-11	-1.9569397e-09	8.123398e-09	0.9960292	1.1818778e-18
1.8051970294925258e-11	-1.8405915e-09	7.939339e-09	0.99602914	1.1794622e-18
1.810042831207965e-11	-1.6788244e-09	7.704497e-09	0.99602926	1.1772234e-18
1.8151341677670565e-11	-1.3961792e-09	7.514e-09	0.99602926	1.1750055e-18
1.8200193923021947e-11	-1.1787414e-09	7.3394775e-09	0.9960293	1.1730585e-18
1.8251758015269572e-11	-8.630753e-10	7.13253e-09	0.9960293	1.1712525e-18
1.830145572299709e-11	-5.283356e-10	6.966114e-09	0.9960294	1.1698107e-18
1.8351798328344643e-11	-7.629394e-11	6.8807604e-09	0.9960294	1.1687588e-18
1.8400571403711455e-11	3.0708314e-10	6.9036483e-09	0.9960294	1.1683009e-18
1.8450412317866394e-11	6.1035155e-10	6.9189072e-09	0.9960294	1.168661e-18
1.85016012098102e-11	9.0408325e-10	6.907463e-09	0.9960294	1.1703097e-18
1.8551330738096484e-11	1.0585784e-09	6.9260597e-09	0.9960293	1.1732094e-18
1.8600541441548757e-11	1.2111664e-09	6.9847106e-09	0.99602926	1.175541e-18
1.8651608746530496e-11	1.3408661e-09	7.1048736e-09	0.9960293	1.177182e-18
1.8702125886296183e-11	1.4438629e-09	7.2860717e-09	0.99602926	1.1782469e-18
1.8752364926515693e-11	1.4724731e-09	7.531166e-09	0.99602926	1.1790373e-18
1.880006619732408e-11	1.4381408e-09	7.648468e-09	0.99602926	1.1797685e-18
1.8850209938349227e-11	1.4629364e-09	7.837295e-09	0.99602926	1.1804766e-18
1.890030549009143e-11	1.4343262e-09	8.120537e-09	0.9960292	1.1811407e-18
1.8950451718426526e-11	1.317978e-09	8.4118845e-09	0.9960292	1.1818628e-18
1.9000468052229665e-11	1.1730195e-09	8.654356e-09	0.99602914	1.1824603e-18
1.9052369871896167e-11	1.1043548e-09	8.861542e-09	0.9960292	1.1824967e-18
1.9101379341048685e-11	1.0948181e-09	8.990288e-09	0.9960292	1.1821602e-18
1.9150039734596894e-11	1.2111664e-09	9.0484615e-09	0.9960292	1.1815394e-18
1.9200531691189246e-11	1.3904572e-09	9.120941e-09	0.9960292	1.1804452e-18
1.9250514701970155e-11	1.6345978e-09	9.08184e-09	0.99602926	1.1790231e-18
1.9300219417769308e-11	1.9950868e-09	9.056091e-09	0.9960292	1.1774539e-18
1.9352254050392342e-11	2.2392272e-09	9.072781e-09	0.99602926	1.1758206e-18
1.940203201733879e-11	2.4271012e-09	9.054184e-09	0.99602926	1.1743499e-18
1.945202534773712e-11	2.6750564e-09	8.994102e-09	0.99602926	1.1730302e-18
1.9502299087003645e-11	2.878189e-09	8.9912415e-09	0.9960293	1.1719005e-18
1.95504983294997e-11	3.1089782e-09	8.9788434e-09	0.9960294	1.1710414e-18
1.960149992259311e-11	3.303528e-09	9.077072e-09	0.9960293	1.1704068e-18
1.9650512933606545e-11	3.408432e-09	9.204626e-09	0.9960293	1.1701213e-18
1.9700031504659304e-11	3.4255982e-09	9.307861e-09	0.9960294	1.1702273e-18
1.9750070302265614e-11	3.4198762e-09	9.3736645e-09	0.9960293	1.1707758e-18
1.9800603090566433e-11	3.4656524e-09	9.426356e-09	0.9960293	1.1717912e-18
1.985144913080313e-11	3.4971237e-09	9.492397e-09	0.9960293	1.1731367e-18
1.9902367982974203e-11	3.4923553e-09	9.575844e-09	0.99602926	1.1745831e-18
1.995061394663441e-11	3.5127699e-09	9.604454e-09	0.9960293	1.1758439e-18
2.0001225409849238e-11	3.6506653e-09	9.653092e-09	0.99602926	1.1770055e-18
2.0051840550489473e-11	3.726959e-09	9.7723e-09	0.9960292	1.1781872e-18
2.010002345651979e-11	3.818512e-09	9.815216e-09	0.9960292	1.1794319e-18
2.0150876331216967e-11	3.9024353e-09	9.934426e-09	0.9960292	1.1809135e-18
2.0201848082152508e-11	3.9424894e-09	1.0020018e-08	0.9960292	1.1825606e-18
2.0250441474466577e-11	3.9787293e-09	1.0118485e-08	0.99602914	1.184362e-18
2.0301739092194526e-11	3.9634704e-09	1.0194301e-08	0.99602914	1.1864845e-18
2.0350533475996605e-11	4.041672e-09	1.0196686e-08	0.996029	1.1886286e-18
2.040190313329108e-11	4.0283203e-09	1.0294914e-08	0.996029	1.190947e-18
2.045057755435467e-11	4.06456e-09	1.0289193e-08	0.996029	1.1930251e-18
2.050124355952682e-11	4.0750505e-09	1.0416031e-08	0.9960289	1.1944983e-18
2.0551210157830446e-11	4.047394e-09	1.0426521e-08	0.996029	1.1951412e-18
2.0600509160073525e-11	4.061699e-09	1.049614e-08	0.9960289	1.1950646e-18
2.065157806648736e-11	4.052162e-09	1.0510683e-08	0.9960289	1.194316e-18
2.0702136806825878e-11	4.1990282e-09	1.05743405e-08	0.99602896	1.1931362e-18
2.075233536139094e-11	4.2915342e-09	1.0737419e-08	0.996029	1.1916886e-18
2.0802242166011954e-11	4.4393538e-09	1.0947227e-08	0.9960291	1.1900494e-18
2.0851912196674685e-11	4.570961e-09	1.1203289e-08	0.99602914	1.1882759e-18
2.0901356545231478e-11	4.6863557e-09	1.1512756e-08	0.99602914	1.1863906e-18
2.0950651776636278e-11	4.8007966e-09	1.184082e-08	0.99602914	1.1844515e-18
2.100224641954013e-11	4.957199e-09	1.2225628e-08	0.9960292	1.1824337e-18
2.105151972711292e-11	5.0392153e-09	1.2606144e-08	0.9960292	1.1805611e-18
2.1100861345708634e-11	5.031586e-09	1.3083458e-08	0.9960292	1.1787647e-18
2.1150340996622604e-11	4.8980713e-09	1.3391256e-08	0.9960292	1.1770809e-18
2.1200077761833894e-11	4.8542024e-09	1.3645172e-08	0.9960292	1.1755759e-18
2.1250219814242575e-11	4.743576e-09	1.392889e-08	0.99602926	1.1743399e-18
2.1300977209010752e-11	4.5911372e-09	1.41334535e-08	0.99602926	1.173522e-18
2.1352236989584237e-11	4.4136046e-09	1.4354706e-08	0.99602926	1.1730671e-18
2.140093670389404e-11	4.184723e-09	1.4514685e-08	0.99602926	1.1725492e-18
2.1452083270685105e-11	3.950119e-09	1.4574527e-08	0.99602926	1.1720174e-18
2.1500918595675125e-11	3.8022994e-09	1.4647484e-08	0.99602926	1.171605e-18
2.1552426082148e-11	3.586769e-09	1.46713255e-08	0.99602926	1.1713463e-18
2.160178101649731e-11	3.4132004e-09	1.46427155e-08	0.9960293	1.1713347e-18
2.165131625247957e-11	3.2691956e-09	1.4702797e-08	0.99602926	1.1714696e-18
2.170099909586993e-11	3.080368e-09	1.4771461e-08	0.99602926	1.1717298e-18
2.1750925544796138e-11	2.8886795e-09	1.47838595e-08	0.99602926	1.1722035e-18
2.1801038870431082e-11	2.691269e-09	1.478672e-08	0.99602926	1.1728515e-18
2.1850950220375846e-11	2.5615692e-09	1.4732361e-08	0.99602926	1.1733208e-18
2.1900736889847585e-11	2.4623872e-09	1.4680863e-08	0.99602926	1.1736812e-18
2.1950224572392378e-11	2.368927e-09	1.4663696e-08	0.99602926	1.1737865e-18
2.2001722679193788e-11	2.2220612e-09	1.4672279e-08	0.9960292	1.1735189e-18
2.2050382540097408e-11	2.008438e-09	1.4722824e-08	0.99602926	1.172977e-18
2.2101193414960606e-11	1.8081665e-09	1.4648199e-08	0.99602926	1.1722131e-18
2.2151856459532384e-11	1.6412735e-09	1.46141055e-08	0.99602926	1.1713577e-18
2.2200046460506836e-11	1.5468598e-09	1.4653445e-08	0.99602926	1.1705125e-18
2.2250648534984212e-11	1.3637542e-09	1.4689445e-08	0.9960294	1.1696362e-18
2.2301273625514032e-11	1.1959076e-09	1.4787674e-08	0.9960293	1.1687837e-18
2.2351988733769897e-11	1.0204315e-09	1.48267745e-08	0.9960294	1.167998e-18
2.2400478579661218e-11	9.059906e-10	1.4936447e-08	0.9960293	1.1673773e-18
2.2451740634871292e-11	8.163452e-10	1.4971732e-08	0.9960294	1.1669663e-18
2.250068594982195e-11	6.828308e-10	1.5130997e-08	0.9960293	1.1666625e-18
2.255209169377251e-11	5.2642823e-10	1.5182257e-08	0.9960293	1.166354e-18
2.260112143589659e-11	4.8065185e-10	1.5310288e-08	0.9960294	1.1661138e-18
2.2650319190210803e-11	3.528595e-10	1.5415191e-08	0.9960293	1.1659948e-18
2.2702213750818004e-11	2.8419495e-10	1.5546084e-08	0.9960294	1.1660463e-18
2.275181794986283e-11	1.3828277e-10	1.5640259e-08	0.9960294	1.1662354e-18
2.2801292593174682e-11	-1.04904176e-11	1.5640497e-08	0.9960294	1.1663246e-18
2.285050439712794e-11	-9.155274e-11	1.560688e-08	0.99602944	1.1662165e-18
2.290192597170366e-11	-2.040863e-10	1.5519142e-08	0.9960294	1.1659239e-18
2.295081248230511e-11	-2.9754638e-10	1.5522957e-08	0.99602944	1.165586e-18
2.3002262168577452e-11	-4.1389464e-10	1.5445709e-08	0.9960294	1.1653156e-18
2.30516094249989e-11	-5.121231e-10	1.5348911e-08	0.9960294	1.1653097e-18
2.3101513812060207e-11	-6.6947936e-10	1.5300751e-08	0.99602944	1.1657404e-18
2.315217367178804e-11	-7.944107e-10	1.5206338e-08	0.9960294	1.1668433e-18
2.3201179747788658e-11	-9.231567e-10	1.5187263e-08	0.9960294	1.1688192e-18
2.3251058431696024e-11	-1.1310577e-09	1.5146494e-08	0.9960294	1.1719251e-18
2.330096123250534e-11	-1.3427734e-09	1.503849e-08	0.9960293	1.1751857e-18
2.3350388102958835e-11	-1.5563965e-09	1.4874458e-08	0.99602926	1.1779134e-18
2.3401757591738625e-11	-1.6307831e-09	1.4763832e-08	0.9960292	1.1800207e-18
2.3450000316414263e-11	-1.8043518e-09	1.4698029e-08	0.9960292	1.1813959e-18
2.3500492710797928e-11	-1.9264221e-09	1.4539719e-08	0.9960292	1.1825373e-18
2.3550858260408994e-11	-2.0132065e-09	1.44448284e-08	0.99602914	1.1835532e-18
2.3601020489160854e-11	-2.1018982e-09	1.4358759e-08	0.99602914	1.1843606e-18
2.365082812770402e-11	-2.1266937e-09	1.4222145e-08	0.9960291	1.1848055e-18
2.370050256686131e-11	-2.199173e-09	1.4217377e-08	0.99602914	1.1851179e-18
2.3750291942868347e-11	-2.301216e-09	1.4087677e-08	0.99602914	1.1855482e-18
2.38003845131984e-11	-2.3403168e-09	1.39780045e-08	0.99602914	1.1862989e-18
2.3850455006604483e-11	-2.3937226e-09	1.3905526e-08	0.99602914	1.1870311e-18
2.390035784366486e-11	-2.456665e-09	1.3762474e-08	0.99602914	1.1875887e-18
2.3950261041354062e-11	-2.4795532e-09	1.3632774e-08	0.9960291	1.1881505e-18
2.4000257727080738e-11	-2.4871827e-09	1.3492584e-08	0.996029	1.1888179e-18
2.405028077326837e-11	-2.5681852e-09	1.332593e-08	0.9960291	1.189518e-18
2.410036734878543e-11	-2.5978089e-09	1.3129235e-08	0.996029	1.190295e-18
2.4150536202381477e-11	-2.6226044e-09	1.2851715e-08	0.996029	1.191172e-18
2.4200269157085616e-11	-2.5863647e-09	1.2604237e-08	0.9960291	1.1915744e-18
2.4252038821099773e-11	-2.4929048e-09	1.2293816e-08	0.996029	1.1915334e-18
2.430105869231176e-11	-2.3059845e-09	1.2119293e-08	0.9960291	1.1912189e-18
2.4352349498170452e-11	-2.140999e-09	1.1933326e-08	0.9960291	1.1907243e-18
2.4401119123006272e-11	-2.020836e-09	1.18598935e-08	0.9960291	1.1901839e-18
2.4452302477470878e-11	-1.9168853e-09	1.16901395e-08	0.9960291	1.1895989e-18
2.4501073121766452e-11	-1.8081665e-09	1.1616707e-08	0.9960291	1.189067e-18
2.4552382273433686e-11	-1.7242432e-09	1.15203855e-08	0.996029	1.1886002e-18
2.460142350771494e-11	-1.6479492e-09	1.1459351e-08	0.9960291	1.1883167e-18
2.4650703789098344e-11	-1.6403198e-09	1.1409759e-08	0.996029	1.1882589e-18
2.4700223382417677e-11	-1.6174316e-09	1.12800596e-08	0.996029	1.1884354e-18
2.4752040662603614e-11	-1.6117095e-09	1.1120081e-08	0.996029	1.1884462e-18
2.4801021002585475e-11	-1.5239715e-09	1.0961533e-08	0.9960291	1.1881095e-18
2.485209549664216e-11	-1.3236999e-09	1.0858059e-08	0.9960291	1.1874472e-18
2.490043909942626e-11	-1.1405945e-09	1.0819435e-08	0.9960291	1.1865754e-18
2.495092015665941e-11	-9.632111e-10	1.073265e-08	0.996029	1.1854531e-18
2.5001177707689893e-11	-6.313324e-10	1.0629654e-08	0.99602914	1.1841813e-18
2.5051235986884883e-11	-2.8133393e-10	1.0614396e-08	0.99602914	1.1827888e-18
2.51011397550207e-11	5.209446e-11	1.0624886e-08	0.9960291	1.1813157e-18
2.515090243986197e-11	3.967285e-10	1.06725695e-08	0.99602914	1.1797776e-18
2.5200561796170275e-11	7.4005124e-10	1.0740996e-08	0.99602926	1.1782018e-18
2.5250162285674107e-11	1.0719299e-09	1.0897637e-08	0.99602926	1.1766198e-18
2.5302122811844228e-11	1.3961792e-09	1.1055946e-08	0.99602926	1.1749911e-18
2.5351725077520432e-11	1.6422271e-09	1.1234284e-08	0.9960293	1.1734682e-18
2.5401318224761282e-11	1.9493103e-09	1.1425972e-08	0.9960293	1.1719669e-18
2.5450981696563767e-11	2.155304e-09	1.1640549e-08	0.9960294	1.1705307e-18
2.5500832443654814e-11	2.4299622e-09	1.17607115e-08	0.9960293	1.1692225e-18
2.5551010180171346e-11	2.6454925e-09	1.2006521e-08	0.9960294	1.1681204e-18
2.5601623771650932e-11	2.7561187e-09	1.21982096e-08	0.99602944	1.1672949e-18
2.5650253551620953e-11	2.9354095e-09	1.2313842e-08	0.99602944	1.1667907e-18
2.570163938040471e-11	3.135681e-09	1.2433291e-08	0.9960294	1.1664873e-18
2.575070058262093e-11	3.3874512e-09	1.262474e-08	0.99602944	1.1662859e-18
2.580224215499312e-11	3.616333e-09	1.2857437e-08	0.99602944	1.1660949e-18
2.585132545055122e-11	3.8490295e-09	1.3054133e-08	0.9960295	1.1659114e-18
2.5900407501333268e-11	4.032135e-09	1.3320923e-08	0.9960294	1.1657273e-18
2.5951946790931455e-11	4.2839052e-09	1.3543367e-08	0.9960295	1.1655371e-18
2.6001005985188517e-11	4.556656e-09	1.3915062e-08	0.9960295	1.1653379e-18
2.605230601536323e-11	4.673004e-09	1.4362335e-08	0.99602956	1.1649831e-18
2.610102494908634e-11	4.821777e-09	1.46856305e-08	0.99602956	1.1645536e-18
2.615216025020706e-11	4.951477e-09	1.5151024e-08	0.9960295	1.1640932e-18
2.6200959889728393e-11	4.9438476e-09	1.5485286e-08	0.99602956	1.1637226e-18
2.6252410222767457e-11	4.9686433e-09	1.5741348e-08	0.9960295	1.1634773e-18
2.630169123097682e-11	4.9991606e-09	1.5975953e-08	0.9960296	1.1634414e-18
2.6351314331874252e-11	5.062103e-09	1.6198157e-08	0.9960296	1.1636597e-18
2.640132792891307e-11	5.098343e-09	1.6441346e-08	0.99602956	1.1641902e-18
2.645177600074206e-11	5.20134e-09	1.671791e-08	0.9960296	1.1650983e-18
2.650010063154903e-11	5.231857e-09	1.7002106e-08	0.9960295	1.1663468e-18
2.6551250903132442e-11	5.2518843e-09	1.7297745e-08	0.99602956	1.1679691e-18
2.6600064163340776e-11	5.2890776e-09	1.7620563e-08	0.9960295	1.1697819e-18
2.665154855009445e-11	5.2947997e-09	1.802349e-08	0.99602944	1.1718519e-18
2.6702414585847638e-11	5.1937104e-09	1.8438339e-08	0.99602944	1.1732857e-18
2.6750294588477817e-11	5.062103e-09	1.881218e-08	0.9960293	1.1742114e-18
2.6800409616848494e-11	4.9648285e-09	1.913166e-08	0.9960294	1.1749159e-18
2.6850366029764596e-11	4.871547e-09	1.950574e-08	0.9960294	1.1754758e-18
2.690020629060565e-11	4.821777e-09	1.9827366e-08	0.9960293	1.1759312e-18
2.6952391821594202e-11	4.770279e-09	2.028656e-08	0.9960294	1.1762773e-18
2.7001823213390338e-11	4.6195985e-09	2.0726919e-08	0.99602926	1.1763705e-18
2.705073830442577e-11	4.5146944e-09	2.1167756e-08	0.99602926	1.1760369e-18
2.7101538534217798e-11	4.365921e-09	2.1595001e-08	0.9960292	1.1752677e-18
2.715191304404279e-11	4.2648316e-09	2.2013664e-08	0.99602926	1.1742157e-18
2.7202012652986588e-11	4.1656496e-09	2.243042e-08	0.9960293	1.1730039e-18
2.725194439566998e-11	4.053116e-09	2.283907e-08	0.9960293	1.1717085e-18
2.7301781799469858e-11	3.8528443e-09	2.3257256e-08	0.99602926	1.1703806e-18
2.7351512150556117e-11	3.7155152e-09	2.3636103e-08	0.9960293	1.1690151e-18
2.7401144935153996e-11	3.5533905e-09	2.395153e-08	0.9960293	1.1676212e-18
2.7450712867695764e-11	3.3769607e-09	2.4264336e-08	0.9960293	1.1662183e-18
2.7500261851552634e-11	3.2081604e-09	2.4436474e-08	0.9960293	1.1648315e-18
2.7552179130799193e-11	3.1070708e-09	2.461052e-08	0.9960294	1.1634105e-18
2.760181379851037e-11	3.0059815e-09	2.4735451e-08	0.9960294	1.1621162e-18
2.7651574608008938e-11	2.8820037e-09	2.4792671e-08	0.99602944	1.1609067e-18
2.7701497214427012e-11	2.8591156e-09	2.4798393e-08	0.9960294	1.1597968e-18
2.7751528626190766e-11	2.8185547e-09	2.4868966e-08	0.99602944	1.158758e-18
2.780128272316714e-11	2.735138e-09	2.47221e-08	0.99602944	1.1576013e-18
2.7850732638790424e-11	2.74086e-09	2.4558544e-08	0.99602944	1.1563275e-18
2.7902313453832345e-11	2.7885436e-09	2.4375916e-08	0.99602944	1.1549251e-18
2.7951441573684234e-11	2.7685165e-09	2.4136305e-08	0.99602944	1.1535711e-18
2.800056745786293e-11	2.635956e-09	2.3944377e-08	0.99602944	1.1522436e-18
2.805213851284597e-11	2.5138855e-09	2.3662567e-08	0.9960295	1.1509233e-18
2.81015731143282e-11	2.3937226e-09	2.3465157e-08	0.99602944	1.1497685e-18
2.8151306544297188e-11	2.3145676e-09	2.3296357e-08	0.99602956	1.1487545e-18
2.8201434317790892e-11	2.1972657e-09	2.3289203e-08	0.99602956	1.1479215e-18
2.8252053499717947e-11	1.953125e-09	2.3345947e-08	0.99602956	1.1473204e-18
2.8300808345044983e-11	1.7185211e-09	2.3362874e-08	0.99602956	1.1470196e-18
2.8350130132691456e-11	1.5602112e-09	2.3511886e-08	0.99602956	1.1470245e-18
2.8402311379297576e-11	1.3084411e-09	2.3735046e-08	0.9960296	1.1472591e-18
2.8451856316731348e-11	1.0671616e-09	2.4022102e-08	0.99602956	1.1473933e-18
2.8501258251282934e-11	6.8473816e-10	2.4352074e-08	0.99602956	1.1474441e-18
2.855064442774605e-11	2.9373168e-10	2.456379e-08	0.99602956	1.1474854e-18
2.860016886328654e-11	-1.0585785e-10	2.4930953e-08	0.9960296	1.1476084e-18
2.8652433188034847e-11	-6.6184996e-10	2.538085e-08	0.9960296	1.1478977e-18
2.870004450052374e-11	-1.1959076e-09	2.5757075e-08	0.9960296	1.148369e-18
2.875040634801896e-11	-1.9321442e-09	2.613759e-08	0.99602956	1.1490352e-18
2.8800851840086168e-11	-2.6836395e-09	2.6438236e-08	0.9960296	1.1497697e-18
2.885123505652992e-11	-3.5324097e-09	2.6737213e-08	0.9960297	1.1504679e-18
2.8901721707462517e-11	-4.4345856e-09	2.6845456e-08	0.9960296	1.1512507e-18
2.895249262255574e-11	-5.2928923e-09	2.6913643e-08	0.9960297	1.1522611e-18
2.9001083279100586e-11	-6.082535e-09	2.6913643e-08	0.9960297	1.1535326e-18
2.905005040142161e-11	-6.9065096e-09	2.686882e-08	0.9960296	1.1551683e-18
2.9101955306310735e-11	-7.774353e-09	2.6751756e-08	0.9960296	1.1572887e-18
2.915151815058639e-11	-8.600235e-09	2.6594162e-08	0.99602956	1.1596374e-18
2.92012894501554e-11	-9.326577e-09	2.6414872e-08	0.9960295	1.1623074e-18
2.925125289396851e-11	-1.0072708e-08	2.630806e-08	0.9960295	1.1653171e-18
2.930124743892174e-11	-1.0866165e-08	2.617836e-08	0.99602944	1.1684936e-18
2.9350473104510105e-11	-1.1657715e-08	2.6090621e-08	0.9960294	1.1708208e-18
2.9401417867622274e-11	-1.2550354e-08	2.5911332e-08	0.99602944	1.1723411e-18
2.945158706850399e-11	-1.3441086e-08	2.5710106e-08	0.9960294	1.1731008e-18
2.950114211990719e-11	-1.4335632e-08	2.5413513e-08	0.9960294	1.1733091e-18
2.9550271997153154e-11	-1.5165329e-08	2.507782e-08	0.9960293	1.1731653e-18
2.960157352363313e-11	-1.6031265e-08	2.4744034e-08	0.9960294	1.1727941e-18
2.9650271064418923e-11	-1.6918182e-08	2.4326802e-08	0.9960294	1.1723223e-18
2.970132347912967e-11	-1.7799378e-08	2.3734332e-08	0.9960294	1.1717727e-18
2.9752371965738786e-11	-1.8577575e-08	2.3169518e-08	0.99602944	1.1712247e-18
2.980099066475807e-11	-1.9287109e-08	2.2532939e-08	0.99602944	1.1707063e-18
2.9852052851697407e-11	-1.9880295e-08	2.187729e-08	0.99602944	1.1701748e-18
2.990067185918742e-11	-2.037239e-08	2.1339417e-08	0.9960294	1.1696641e-18
2.9951683499993224e-11	-2.0939828e-08	2.0855904e-08	0.99602944	1.1691054e-18
3.00002604501523e-11	-2.1474838e-08	2.037239e-08	0.99602944	1.1685735e-18
3.005130537516737e-11	-2.1953582e-08	1.9928931e-08	0.99602944	1.1680454e-18
3.010004385119474e-11	-2.2504807e-08	1.9518852e-08	0.9960294	1.1676317e-18
3.0151452889021015e-11	-2.3109436e-08	1.909542e-08	0.99602944	1.1673649e-18
3.020065992387535e-11	-2.3755074e-08	1.8601417e-08	0.99602944	1.1672923e-18
3.0250076900937837e-11	-2.440071e-08	1.80645e-08	0.99602944	1.1673806e-18
3.0302022406771926e-11	-2.5047303e-08	1.7419815e-08	0.9960294	1.1675183e-18
3.035151764923776e-11	-2.5627136e-08	1.6791343e-08	0.9960294	1.1676688e-18
3.0401085422059174e-11	-2.6269912e-08	1.6056061e-08	0.99602944	1.1678777e-18
3.045077686249685e-11	-2.6765823e-08	1.5221357e-08	0.9960294	1.168188e-18
3.050063666598179e-11	-2.7147292e-08	1.4364481e-08	0.9960294	1.1686418e-18
3.0550664380928417e-11	-2.745819e-08	1.3594628e-08	0.9960293	1.169245e-18
3.060070958021241e-11	-2.7784347e-08	1.2812614e-08	0.9960294	1.1698695e-18
3.065055657601769e-11	-2.8030396e-08	1.1981964e-08	0.9960294	1.1703227e-18
3.0700226893644196e-11	-2.8274536e-08	1.1220217e-08	0.9960293	1.1706268e-18
3.0752352223979234e-11	-2.8425216e-08	1.0420799e-08	0.9960294	1.1709231e-18
3.080212938379717e-11	-2.8503418e-08	9.738923e-09	0.9960294	1.1713222e-18
3.085218521112331e-11	-2.867794e-08	9.04274e-09	0.99602926	1.1719744e-18
3.090012721541929e-11	-2.8697967e-08	8.3274845e-09	0.9960293	1.1729731e-18
3.095087392145969e-11	-2.8717041e-08	7.598162e-09	0.99602926	1.1743273e-18
3.1001699367921776e-11	-2.8722763e-08	6.8950654e-09	0.99602926	1.1757897e-18
3.1050140555997005e-11	-2.8701782e-08	6.260395e-09	0.99602926	1.177379e-18
3.110138254782761e-11	-2.8709412e-08	5.531311e-09	0.9960292	1.1793833e-18
3.1150150457917707e-11	-2.8612137e-08	4.880905e-09	0.9960292	1.1814409e-18
3.120117574665418e-11	-2.8575897e-08	4.2829513e-09	0.9960291	1.1832684e-18
3.1251906203487785e-11	-2.8547287e-08	3.6349297e-09	0.9960292	1.1847738e-18
3.130216498942659e-11	-2.8547287e-08	3.0374527e-09	0.99602914	1.1857593e-18
3.135195065078911e-11	-2.8541566e-08	2.4614335e-09	0.9960291	1.1862449e-18
3.140135736282755e-11	-2.853775e-08	1.9931794e-09	0.99602914	1.186353e-18
3.145044195285271e-11	-2.8612137e-08	1.5583038e-09	0.99602914	1.1861569e-18
3.150170687575835e-11	-2.8751373e-08	1.004219e-09	0.9960291	1.1857086e-18
3.155032330170116e-11	-2.8891563e-08	4.8160553e-10	0.9960292	1.1851076e-18
3.160117312661268e-11	-2.8987884e-08	-1.0585785e-10	0.99602914	1.1843205e-18
3.1651803830904285e-11	-2.9109955e-08	-6.4229966e-10	0.9960291	1.1833691e-18
3.1702208576983014e-11	-2.923584e-08	-1.2557506e-09	0.9960291	1.1822618e-18
3.17500051475411e-11	-2.933693e-08	-1.7924309e-09	0.99602914	1.1810732e-18
3.1802340047230904e-11	-2.9464722e-08	-2.4490356e-09	0.9960292	1.1796248e-18
3.185206933675198e-11	-2.9536247e-08	-3.098488e-09	0.9960292	1.1781212e-18
3.1901627573811814e-11	-2.9539109e-08	-3.6973953e-09	0.9960292	1.1765416e-18
3.195106804722066e-11	-2.9575348e-08	-4.302025e-09	0.99602926	1.1749236e-18
3.2000463686057114e-11	-2.9533386e-08	-4.9695967e-09	0.9960293	1.1733115e-18
3.2052247440074956e-11	-2.952671e-08	-5.645752e-09	0.99602926	1.1716741e-18
3.210178859078123e-11	-2.9426575e-08	-6.342888e-09	0.99602926	1.1702006e-18
3.215150232521115e-11	-2.919674e-08	-7.06625e-09	0.9960294	1.1688464e-18
3.220143697770022e-11	-2.8934478e-08	-7.76124e-09	0.9960294	1.1676357e-18
3.225163257155867e-11	-2.868271e-08	-8.371353e-09	0.9960294	1.1665914e-18
3.2302096199708215e-11	-2.8453828e-08	-9.057522e-09	0.99602944	1.165718e-18
3.235040600358214e-11	-2.815056e-08	-9.7837445e-09	0.9960295	1.1650469e-18
3.240140686070796e-11	-2.781868e-08	-1.059246e-08	0.9960294	1.1645236e-18
3.245029772436453e-11	-2.7389527e-08	-1.1345863e-08	0.9960294	1.16424e-18
3.250204353482199e-11	-2.6885987e-08	-1.2194634e-08	0.99602944	1.1642351e-18
3.255175373462565e-11	-2.6355744e-08	-1.2950659e-08	0.99602944	1.1645555e-18
3.260133567057243e-11	-2.5821686e-08	-1.3648987e-08	0.9960294	1.1647768e-18
3.265063263690908e-11	-2.5188447e-08	-1.4245034e-08	0.99602944	1.1647827e-18
3.27021819025985e-11	-2.4539947e-08	-1.4706612e-08	0.99602944	1.1646342e-18
3.2751148314414886e-11	-2.3971557e-08	-1.5140294e-08	0.9960294	1.1644041e-18
3.280005371478706e-11	-2.336979e-08	-1.5513182e-08	0.9960294	1.1641321e-18
3.285141185002973e-11	-2.273941e-08	-1.5867233e-08	0.99602944	1.1638528e-18
3.2900371279210446e-11	-2.2090912e-08	-1.6175271e-08	0.99602944	1.1636205e-18
3.295187141642035e-11	-2.1430969e-08	-1.6361236e-08	0.9960294	1.1634412e-18
3.300104467236578e-11	-2.0845413e-08	-1.6565323e-08	0.99602944	1.163359e-18
3.305038754972455e-11	-2.029419e-08	-1.6749382e-08	0.99602944	1.1633994e-18
3.310239411522794e-11	-1.9777298e-08	-1.692772e-08	0.9960294	1.1635893e-18
3.3152119433178724e-11	-1.9363403e-08	-1.7114639e-08	0.9960295	1.1639218e-18
3.320200811426178e-11	-1.8945695e-08	-1.7377854e-08	0.99602944	1.1643869e-18
3.325204888328259e-11	-1.8537522e-08	-1.762867e-08	0.9960294	1.1649813e-18
3.330224689673618e-11	-1.8110276e-08	-1.7954827e-08	0.9960294	1.1657163e-18
3.3350093690002054e-11	-1.7655372e-08	-1.8293381e-08	0.99602944	1.1665641e-18
3.34006447284086e-11	-1.7224313e-08	-1.8589974e-08	0.9960294	1.1676403e-18
3.345139282127074e-11	-1.6769409e-08	-1.8965721e-08	0.9960294	1.1689242e-18
3.350232743330864e-11	-1.6269684e-08	-1.93007e-08	0.9960294	1.1704208e-18
3.355081864531693e-11	-1.5760422e-08	-1.9563675e-08	0.9960293	1.1719808e-18
3.360180672450258e-11	-1.5375138e-08	-1.991272e-08	0.9960293	1.1735944e-18
3.365008889817232e-11	-1.4989853e-08	-2.0275355e-08	0.99602926	1.1749845e-18
3.3700500159063156e-11	-1.4520645e-08	-2.071023e-08	0.9960293	1.1760357e-18
3.375049018001971e-11	-1.3996124e-08	-2.1083832e-08	0.99602926	1.1766784e-18
3.380019300483118e-11	-1.3465882e-08	-2.1483421e-08	0.99602926	1.177053e-18
3.385218929093877e-11	-1.2840271e-08	-2.187729e-08	0.99602926	1.1772725e-18
